# Created by Octave 4.2.0, Mon Feb 06 09:34:40 2017 GMT <unknown@unknown>
# name: v
# type: matrix
# rows: 1
# columns: 4
 6.1101 5.5277 8.518599999999999 7.0032


